image: occupancy.pgm
resolution: 0.000999999931
origin: [-1.24969506, -1.33622682, 0]
occupied_thresh: 0.9
free_thresh: 0.1
negate: 0